"current_combination" = [1, 2, 6, 33, 40, 50, 51, 52, 54, 55]
"processed_count" = 875.404.275
"strong_c3_count" = 88.475
"not_strong_c3_count" = 875.315.800
"processed_percentage" = 1.1611055984954117%
"strong_c3_percentage" = 0.010106758960024498%
"not_strong_c3_percentage" = 99.98989324103998%
