"current_combination" = [1, 3, 14, 24, 41, 43, 51, 53, 56]
"processed_count" = 509.573.333
"strong_c3_count" = 781.315
"not_strong_c3_count" = 508.792.018
"processed_percentage" = 3.446989214132362%
"strong_c3_percentage" = 0.15332729352224558%
"not_strong_c3_percentage" = 99.84667270647776%
