"current_combination" = [9, 12, 17, 34, 41, 42, 43]
"processed_count" = 257.181.619
"strong_c3_count" = 15.284.367
"not_strong_c3_count" = 241.897.252
"processed_percentage" = 66.59166516229176%
"strong_c3_percentage" = 5.943024645163308%
"not_strong_c3_percentage" = 94.0569753548367%
