"current_combination" = [1, 2, 3, 4, 5, 6, 7]
"processed_count" = 50.063.859
"strong_c3_count" = 9.676.753
"not_strong_c3_count" = 40.387.106
"processed_percentage" = 99.99999800255114%
"strong_c3_percentage" = 19.32881961816008%
"not_strong_c3_percentage" = 80.67118038183992%
