"current_combination" = [1, 2, 3, 4, 5]
"processed_count" = 487.635
"strong_c3_count" = 317.677
"not_strong_c3_count" = 169.958
"processed_percentage" = 100.0%
"strong_c3_percentage" = 65.14647225896418%
"not_strong_c3_percentage" = 34.85352774103582%
