"current_combination" = [1, 2, 3, 11, 17, 26, 36, 37, 47, 50, 51]
"processed_count" = 1.167.812.690
"strong_c3_count" = 4.601
"not_strong_c3_count" = 1.167.808.089
"processed_percentage" = 0.3407680954238624%
"strong_c3_percentage" = 0.0003939844154288133%
"not_strong_c3_percentage" = 99.99960601558458%
