"current_combination" = [2, 3, 11, 18, 20, 30, 50, 51]
"processed_count" = 362.507.708
"strong_c3_count" = 3.819.901
"not_strong_c3_count" = 358.687.807
"processed_percentage" = 14.168090153271615%
"strong_c3_percentage" = 1.0537433868854453%
"not_strong_c3_percentage" = 98.94625661311456%
